100
2 4
10 5
3 12
7 7 7
3 12
4 2 1
5 1000000000
25 25 25 25 25
2 2
1 1
5 5
1 1 1 1 1
5 448257424
1 2 3 4 5
5 915742169
18 7 21 11 25
5 140226904
1 1 1 1 1
5 910228985
17 17 17 17 17
5 78843354
5 5 5 5 5
5 330061936
21 21 21 21 21
5 635943140
3 3 3 3 3
5 535434675
25 25 25 25 25
5 646470925
6 6 6 6 6
5 466283098
25 25 25 25 25
5 687419509
3 3 3 3 3
5 122881616
11 11 11 11 11
5 727433235
20 20 20 20 20
5 723422712
15 15 15 15 15
5 412330433
2 2 2 2 2
5 783380147
17 17 17 17 17
5 966162136
9 9 9 9 9
5 917969457
24 24 24 24 24
5 646970731
6 6 6 6 6
5 724907956
22 22 22 22 22
5 290094422
17 17 17 17 17
5 58578538
18 18 18 18 18
5 663122504
1 1 1 1 1
5 496841770
19 19 19 19 19
5 978743817
8 8 8 8 8
5 525265498
8 8 8 8 8
5 397128261
25 25 25 25 25
5 824581332
1 2 3 4 5
5 917122102
1 2 3 4 5
5 529931778
1 2 3 4 5
5 946209793
1 2 3 4 5
5 151477970
1 2 3 4 5
5 28295602
1 2 3 4 5
5 377493269
1 2 3 4 5
5 963837717
1 2 3 4 5
5 980961454
1 2 3 4 5
5 21603657
1 2 3 4 5
5 570311783
1 2 3 4 5
5 422288940
1 2 3 4 5
5 156318947
1 2 3 4 5
5 340297622
1 2 3 4 5
5 89937267
1 2 3 4 5
5 959963777
1 2 3 4 5
5 207278733
1 2 3 4 5
5 824163474
1 2 3 4 5
5 646895884
1 2 3 4 5
5 120480113
1 2 3 4 5
5 326721310
1 2 3 4 5
5 411184780
1 2 3 4 5
5 76246582
1 2 3 4 5
5 855318142
1 2 3 4 5
5 825815348
1 2 3 4 5
5 370878729
24 22 6 12 13
5 218356051
2 15 20 6 15
5 806422620
18 21 5 12 24
5 358831290
24 2 1 10 8
5 75647763
21 12 9 14 6
5 409933081
16 3 18 4 24
5 258012139
23 22 3 16 14
5 618526708
19 12 23 8 13
5 269021197
11 15 14 20 4
5 906981491
10 8 19 3 5
5 125690898
2 5 21 16 14
5 430604341
13 22 4 4 8
5 824649203
20 8 19 25 22
5 689461943
14 17 3 25 10
5 226797432
10 19 22 4 2
5 209202456
11 3 23 16 14
5 553980351
17 16 14 18 7
5 336764677
2 12 9 22 5
5 516592670
24 4 21 20 10
5 608440357
8 8 3 5 7
5 429105223
14 10 9 20 9
5 598432671
15 1 5 7 21
5 300941354
6 3 13 12 6
5 360336018
2 23 23 15 21
5 266579844
13 14 12 13 14
5 511116421
21 19 20 3 14
5 216153686
15 11 2 2 8
5 745010681
7 13 15 19 8
5 855167873
9 12 1 13 20
5 55757983
9 15 2 23 6
5 94776325
14 16 9 15 4
5 929539453
12 14 14 7 6
5 921307010
23 21 3 25 8
5 95039219
7 25 20 25 10
5 585177835
11 21 6 13 4
5 891047551
15 13 7 17 24
5 300373693
4 6 2 6 3
5 99986242
5 7 2 16 6
5 96840520
25 5 2 19 24
5 941561876
8 6 11 9 23
5 30446363
4 7 14 9 2
5 392276335
11 3 24 12 13
